porder=4;

[x,y] = cmeshparam6(11*porder+1, 7*porder+1, 7*porder+1, 7*porder+1, 7*porder+1, 12*porder+1, ...
                    [100, 20, 20, 20, 20, 1, 1, 1, 1, 1, 1], [5, 100, 50, 20, 50, 100, 5]*10);