rhoTrue = [0.10899	0.33511
0.24852	0.33339
0.28227	0.32315
0.2985	0.31068
0.30917	0.29335
0.32284	0.27845
0.34035	0.2635
0.36042	0.23624
0.40956	0.23564
0.51897	0.23675
0.58838	4.25358
0.60205	4.2485
0.61051	0.98956
0.80709	0.98714];

uTrue = [0.11036	-0.0042
0.2488	0.00173
0.28334	0.20722
0.29429	0.47531
0.30457	0.75149
0.31388	1.04617
0.32456	1.35933
0.33696	1.68057
0.34836	2.01569
0.36015	2.38087
0.41017	2.53308
0.52017	2.5369
0.58752	2.53063
0.60106	2.53053
0.60927	0.00604
0.80424	0.0104];

pTrue = [0.11079	19.4942
0.24817	19.5081
0.28393	18.8441
0.29259	17.9949
0.30259	17.1456
0.31396	16.2963
0.32532	15.4315
0.336	14.5823
0.34737	13.7638
0.36076	12.8837
0.40944	12.5285
0.5191	12.5285
0.58679	12.5285
0.60236	12.5285
0.60988	1.0245
0.80552	1.0554];