function [cm_data]=dante(m)

cm = [[9.883620680000000e-01     9.983641430000000e-01     6.449240050000000e-01
     9.822573070000000e-01     9.941088440000000e-01     6.310170090000000e-01
     9.765109830000001e-01     9.897534370000000e-01     6.167604130000000e-01
     9.711616220000000e-01     9.852821610000000e-01     6.021543300000000e-01
     9.662488220000000e-01     9.806781930000000e-01     5.872057730000000e-01
     9.618120200000000e-01     9.759242410000000e-01     5.719253820000000e-01
     9.578960530000000e-01     9.710033300000001e-01     5.562750900000000e-01
     9.545292810000000e-01     9.658958680000000e-01     5.403607520000000e-01
     9.517403040000000e-01     9.605866930000000e-01     5.242030260000000e-01
     9.495448300000000e-01     9.550629000000000e-01     5.078596490000000e-01
     9.479368250000000e-01     9.493175220000000e-01     4.914260530000000e-01
     9.469025679999999e-01     9.433477750000000e-01     4.749697780000000e-01
     9.464029510000000e-01     9.371589710000000e-01     4.585915070000000e-01
     9.463915360000000e-01     9.307607520000000e-01     4.423674950000000e-01
     9.468091630000000e-01     9.241682460000000e-01     4.263732360000000e-01
     9.475943620000000e-01     9.173990530000000e-01     4.106651940000000e-01
     9.486833910000000e-01     9.104729640000000e-01     3.952891690000000e-01
     9.500184810000000e-01     9.034090630000000e-01     3.802712250000000e-01
     9.515462250000000e-01     8.962259090000000e-01     3.656270050000000e-01
     9.532150920000000e-01     8.889422769999999e-01     3.513687130000000e-01
     9.549971770000000e-01     8.815689260000000e-01     3.374754790000000e-01
     9.568340750000000e-01     8.741285690000000e-01     3.239739470000000e-01
     9.587200880000000e-01     8.666243550000000e-01     3.108204660000000e-01
     9.606255450000000e-01     8.590687160000000e-01     2.980102190000000e-01
     9.625166560000000e-01     8.514763400000001e-01     2.855456750000000e-01
     9.643939240000000e-01     8.438480690000000e-01     2.733911120000000e-01
     9.662425890000000e-01     8.361909760000000e-01     2.615338980000000e-01
     9.680408170000000e-01     8.285154910000000e-01     2.499715820000000e-01
     9.697831460000000e-01     8.208251430000000e-01     2.386859420000000e-01
     9.714678220000000e-01     8.131217250000000e-01     2.276580460000000e-01
     9.730879390000000e-01     8.054093329999999e-01     2.168768390000000e-01
     9.746378420000000e-01     7.976915630000000e-01     2.063319250000000e-01
     9.761084740000000e-01     7.899737529999999e-01     1.960175890000000e-01
     9.774974530000000e-01     7.822581380000000e-01     1.859233570000000e-01
     9.788061830000000e-01     7.745450280000000e-01     1.760372980000000e-01
     9.800321780000000e-01     7.668366240000000e-01     1.663525440000000e-01
     9.811734570000000e-01     7.591348920000000e-01     1.568632240000000e-01
     9.822284630000000e-01     7.514415960000000e-01     1.475645730000000e-01
     9.831959920000000e-01     7.437583260000000e-01     1.384530630000000e-01
     9.840751290000000e-01     7.360865210000000e-01     1.295265790000000e-01
     9.848652030000000e-01     7.284274970000000e-01     1.207846510000000e-01
     9.855657390000000e-01     7.207824600000000e-01     1.122287560000000e-01
     9.861749700000000e-01     7.131533750000000e-01     1.038633240000000e-01
     9.866942290000000e-01     7.055404240000001e-01     9.569417970000001e-02
     9.871237590000000e-01     6.979443910000001e-01     8.773142150000000e-02
     9.874635160000000e-01     6.903662180000000e-01     7.998971760000000e-02
     9.877135350000000e-01     6.828068020000000e-01     7.248923300000000e-02
     9.878739100000000e-01     6.752670000000000e-01     6.525701670000000e-02
     9.879447830000000e-01     6.677476409999999e-01     5.832868890000000e-02
     9.879263300000000e-01     6.602495260000000e-01     5.175038670000000e-02
     9.878187590000000e-01     6.527734390000000e-01     4.558080370000000e-02
     9.876222960000000e-01     6.453201520000000e-01     3.988574720000000e-02
     9.873371820000000e-01     6.378904240000000e-01     3.491606390000000e-02
     9.869636700000000e-01     6.304850110000000e-01     3.090754590000000e-02
     9.865020130000000e-01     6.231046670000000e-01     2.781394960000000e-02
     9.859524710000001e-01     6.157501470000000e-01     2.559218530000000e-02
     9.853153010000000e-01     6.084222110000000e-01     2.420211740000000e-02
     9.845907550000000e-01     6.011216260000000e-01     2.360638330000000e-02
     9.837790810000000e-01     5.938491680000000e-01     2.377022630000000e-02
     9.828805220000000e-01     5.866056270000000e-01     2.466134160000000e-02
     9.818953110000000e-01     5.793918030000000e-01     2.624973530000000e-02
     9.808236730000000e-01     5.722085160000000e-01     2.850759310000000e-02
     9.796658240000000e-01     5.650566000000000e-01     3.140915910000000e-02
     9.784219709999999e-01     5.579369110000000e-01     3.493062270000000e-02
     9.770923130000000e-01     5.508503230000000e-01     3.905001310000000e-02
     9.756770380000001e-01     5.437977330000000e-01     4.361779220000000e-02
     9.741763270000000e-01     5.367800590000000e-01     4.839200900000000e-02
     9.725903510000000e-01     5.297982460000000e-01     5.332372430000000e-02
     9.709192770000000e-01     5.228532590000000e-01     5.836748900000000e-02
     9.691632640000000e-01     5.159460920000000e-01     6.348819710000000e-02
     9.673224650000000e-01     5.090777610000000e-01     6.865891990000000e-02
     9.653970310000000e-01     5.022493090000000e-01     7.385911430000000e-02
     9.633871100000000e-01     4.954618060000000e-01     7.907319070000000e-02
     9.612928500000000e-01     4.887163450000000e-01     8.428938910000000e-02
     9.591143970000000e-01     4.820140440000000e-01     8.949890730000000e-02
     9.568519030000000e-01     4.753560480000000e-01     9.469522680000000e-02
     9.545055230000000e-01     4.687435220000000e-01     9.987359310000000e-02
     9.520754210000000e-01     4.621776560000000e-01     1.050306140000000e-01
     9.495617660000000e-01     4.556596580000000e-01     1.101639470000000e-01
     9.469647410000001e-01     4.491907570000000e-01     1.152720590000000e-01
     9.442845430000000e-01     4.427721990000000e-01     1.203540380000000e-01
     9.415213840000000e-01     4.364052430000000e-01     1.254094400000000e-01
     9.386754940000001e-01     4.300911620000000e-01     1.304381750000000e-01
     9.357471260000000e-01     4.238312370000000e-01     1.354404160000000e-01
     9.327365550000000e-01     4.176267560000000e-01     1.404165190000000e-01
     9.296440830000000e-01     4.114790070000000e-01     1.453669730000000e-01
     9.264700390000000e-01     4.053892820000000e-01     1.502923290000000e-01
     9.232147830000000e-01     3.993588670000000e-01     1.551931850000000e-01
     9.198787100000000e-01     3.933890340000000e-01     1.600701520000000e-01
     9.164622510000000e-01     3.874810440000000e-01     1.649238260000000e-01
     9.129658740000000e-01     3.816361380000000e-01     1.697547640000000e-01
     9.093900900000000e-01     3.758555330000000e-01     1.745634720000000e-01
     9.057354480000001e-01     3.701404190000000e-01     1.793503880000000e-01
     9.020025440000000e-01     3.644919490000000e-01     1.841158760000000e-01
     8.981920170000000e-01     3.589112400000000e-01     1.888602120000000e-01
     8.943045530000000e-01     3.533993630000000e-01     1.935835830000000e-01
     8.903408850000000e-01     3.479573400000000e-01     1.982860800000000e-01
     8.863017949999999e-01     3.425861370000000e-01     2.029676960000000e-01
     8.821881120000000e-01     3.372866630000000e-01     2.076283260000000e-01
     8.780007150000000e-01     3.320597600000000e-01     2.122677620000000e-01
