Y2dig = [0.000001259373251009453, 0.0016356832559905887
0.000001940371514687366, 0.0016025340305349522
0.0000029896204820625454, 0.0015878010414437094
0.000004606266811721296, 0.0016191086432628399
0.000007097162099250899, 0.0017148730723568206
0.000010935067674552048, 0.001838261855997031
0.000016425277673761178, 0.001900754284726358
0.000026404127033029627, 0.0024515225269256813
0.000040684964135886944, 0.003202904970585868
0.00006269341914220248, 0.0045951724397209626
0.00009661151089441488, 0.006455212312507286
0.00014889449868739623, 0.009376027399872727
0.00022949861531119172, 0.013574929290915111
0.00035379848646591367, 0.019617296442016013
0.0005409312613321087, 0.02791745658721459
0.0007894575190711522, 0.03736000500180639
0.001081227347832378, 0.04702986427015876
0.0014375808419734757, 0.05696085143796081
0.0018554936933736727, 0.06678056320782266
0.002344529657527944, 0.07589687120575878
0.0030521342928085966, 0.0866988269729213
0.0040136500475999775, 0.09677657805001036
0.0050843218828736225, 0.10571917356711236
0.006760471742639133, 0.11636072931788329
0.008874571290805638, 0.1257137688012191
0.0118992451225351, 0.135044789565823
0.01671725005158139, 0.145064269471123
0.02398865337157055, 0.1549121197871557
0.03471499530388527, 0.16449257733511669
0.050459468167906765, 0.17382922974911083
0.07455511898899843, 0.18294851580001803
0.11353093255938604, 0.19160624283429284
0.17503867132652096, 0.1987351767005191
0.26679231016973654, 0.20340996843753306
0.4064259511021543, 0.206019534832023
0.7030855313803712, 0.2071766116159234];

Y1dig = [0.000001373529692170367, -8.560447239697871e-7
0.0000025331837480962662, -8.560447239697871e-7
0.000004671919317214954, -9.544607500588248e-7
0.000008660796396777242, 0.0000032050722105748074
0.000017260095942577926, 0.000004410668530165519
0.00002752408120930954, 0.00000532703599283443
0.00005177276615169792, 0.000014358888500658369
0.00009186117900785602, 0.00003338814512404871
0.00014986522527850034, 0.00006915400836122283
0.00023611530301419464, 0.00014773813529345733
0.0003323978845358271, 0.00025447449336128496
0.0004047661880469069, 0.00033881983960600253
0.0004860328341762603, 0.00044311601649744395
0.000578917462013169, 0.000558498469268909
0.0006720451003031337, 0.0006743481914079396
0.0007721692103973206, 0.0007915595154903328
0.0008781300388381325, 0.0009076879027874833
0.0009935079179363452, 0.0010249054905272146
0.001118278505890224, 0.0011382647226986847
0.0012587185206672858, 0.0012522447533637258
0.0014314460205828397, 0.0013693221523410203
0.0016447088788256528, 0.001485099414328974
0.00191978937739215, 0.0015962392266480317
0.0023454434784245127, 0.0017048030385381889
0.0034673516194610233, 0.0017929588865595158
0.006305516378237161, 0.0017168316639490644
0.011139859000503386, 0.0016146877580839845
0.01902845820167395, 0.0015537727113906358
0.034379283794653895, 0.0015224764150943394
0.06404523155549899, 0.0015150788104666508
0.11655544406190319, 0.001540965207631874
0.199157434682314, 0.0015937890069640229
0.3548035159937796, 0.0016516193304715312
0.603649244190338, 0.0016732344956103355
0.9684298167840083, 0.0016771372000931744];

Tdig = [0.000001486020665739492, 6535.360339148868
0.0000026693317322194124, 6535.102680625038
0.000004885073958422841, 6533.891994450791
0.000009651826184622128, 6534.859101743134
0.000017638267021713327, 6529.801025356456
0.000031124758042887185, 6518.24156219475
0.00005534605902206883, 6504.528286156587
0.00010163412588665602, 6472.902851731788
0.00020123599307959693, 6406.553237687353
0.00037208015352153614, 6304.351502632943
0.0006737160319316617, 6138.942250012088
0.0011422915409454574, 5926.274442504731
0.0017491818618681277, 5709.909354976367
0.002481930727822536, 5515.893343435618
0.0034474471001450513, 5324.289264887642
0.004834889364850496, 5135.8250782222185
0.007051982427248698, 4941.66496361918
0.011452234089091781, 4725.399172189993
0.02045635261107896, 4522.6609730043365
0.03887342871702687, 4344.933174206664
0.07840944050502596, 4180.01625890343
0.16097404943934857, 4047.602602544821
0.316819542054135, 3975.9795835634777
0.5822344453956471, 3956.0540646691497
0.8506751866516096, 3953.255902243101];

Y3dig = [0.0000013381465146014085, 0.00010102118030992646
0.000002497931148127742, 0.00010935231583383831
0.000004662912433505359, 0.00010102118030992646
0.000008566044908320071, 0.00009945909239919559
0.000016072982550257615, 0.00010102118030992646
0.000029527016065504108, 0.0000955018030253385
0.00005482001715078239, 0.00014496792019856597
0.00010177913927181578, 0.00020828455018030712
0.00018799186244202492, 0.0003973550424868355
0.0003488553500146733, 0.0010647550360939478
0.000645781169586477, 0.0031729538394292683
0.001033859605269182, 0.006888189013253401
0.0013625790155550408, 0.010384171511530663
0.0016908055096465987, 0.01439022034374561
0.0020553681344951517, 0.018769290810034492
0.002450899021242965, 0.023322811782887642
0.002890573255808896, 0.028113770118172315
0.0033567929299176107, 0.03273154993276288
0.003858215339050831, 0.037210462230131594
0.004411731211116071, 0.04172481618507938
0.005070735486479669, 0.04633991432005763
0.005858307958427839, 0.051042493192659445
0.0068031926527416815, 0.05573037356187265
0.00794131953639804, 0.06022340454001111
0.009511942649598572, 0.064766514072964
0.012507398455071024, 0.06963704219101588
0.019972878710371553, 0.0720063060073017
0.028077360536849134, 0.06833910925865219
0.03470092624185773, 0.06443261778204468
0.042620220484702626, 0.06003062801479886
0.05184540056217382, 0.055548338250675164
0.06343700689180617, 0.05100009366365382
0.078370968912051, 0.04653577658876973
0.098329931929582, 0.0421258722427762
0.12659393842052538, 0.03781572456641535
0.1780445151254225, 0.03312633665839304
0.2798231547172986, 0.029084898027734132
0.4789711490829157, 0.026773568116892237
0.7747546727911325, 0.026291218512100825];

Y4dig = [0.0000013804917624169693, 0.767085296358538
0.0000025451592728545583, 0.7670903473308884
0.00000469241171918051, 0.7670944305539147
0.000008783523860888947, 0.7671051829199451
0.00001619780797265008, 0.7671135455323943
0.000029724694991710478, 0.7671060318228612
0.0000590406733794615, 0.7670595760638075
0.0000985140073733879, 0.767088654518603
0.0001795001249644273, 0.7669557161792773
0.00030824304942479085, 0.766577689200535
0.000515171067204771, 0.7657658103224654
0.0008442785734011159, 0.7640594945354093
0.0012266167830984295, 0.7618071987466546
0.0015969358133596093, 0.7595518055358937
0.00196162985522644, 0.7573495603664336
0.0023355793735014307, 0.75520946960233
0.002753203421348333, 0.7529764057767707
0.003228861044178472, 0.7506325977179781
0.0037479620149177785, 0.7484275461767785
0.004328210671306096, 0.7461938042569005
0.004998291749127807, 0.7439553382999168
0.005801862439693299, 0.7416510854189947
0.006769332829380963, 0.7394157408495092
0.00797975462429123, 0.737233102668728
0.009706265262904273, 0.7350557719650436
0.012825897909859142, 0.7327716112025626
0.019519311261860302, 0.7319922696263312
0.02841954365416361, 0.7339374505009948
0.03615477139657785, 0.7360776651549179
0.044405295893134314, 0.7381877321454504
0.05401597182000986, 0.7402993182057724
0.06490840812566664, 0.7422420507917243
0.07781043362098004, 0.7440039237469619
0.09705999538477644, 0.7460130687679999
0.1262326002301976, 0.7480863290028903
0.17445323227945145, 0.7501430914904997
0.27182676535726585, 0.7520424820895617
0.4531226506379431, 0.7530582993096332
0.760180761468406, 0.7532656000915857];

