truesol = [0  7.63572058617923e-79  4.00112645470761e-40  2.69730597275507e-16  0.76708248854242  0.23291751145758  541.521447418662  6539.17131979989  
5.6251337887501e-07  4.173558440077e-08  7.73208046394881e-05  5.39462447166474e-09  0.767082444288651  0.2328401877765  541.474005345285  6538.23148525277  
1.07717930786742e-06  8.45197159873143e-08  0.000147989830645281  2.07769960299033e-08  0.767082394324104  0.232769510548538  541.430624646736  6537.37237058243  
4.16517488182185e-06  4.29282272564093e-07  0.00057049937286549  3.15790676402885e-07  0.767081911850612  0.232346843703581  541.170871963506  6532.2333906941  
2.26048848172304e-05  5.41078579813672e-06  0.00304106295327731  9.2888055964109e-06  0.767072741787823  0.22987149566741  539.638666237506  6502.09721832818  
3.99759747138305e-05  1.41272696603035e-05  0.00528967007365342  2.89450182270279e-05  0.767054849880516  0.227612407757779  538.224552967614  6474.54410276265  
6.95222034128451e-05  3.61230439590319e-05  0.00895038220558306  8.67834215077949e-05  0.767005855423841  0.223920855904819  535.883290407702  6429.44829790148  
9.65297546591921e-05  6.22983109561288e-05  0.0121290741748653  0.000165600207709711  0.766942888868429  0.22070013843777  533.811856886102  6390.06446610747  
0.000125998751851393  9.56187588714485e-05  0.0154298691663568  0.000278447828232686  0.7668568917059  0.217339172540391  531.623933977515  6348.96119848303  
0.000154126806642963  0.000130673758413209  0.0184299950334084  0.000410782839764054  0.766760063373402  0.214268484994781  529.603388076634  6311.43162088212  
0.000179009638375753  0.000163468560298718  0.0209704941674531  0.000546643403896703  0.766663849527934  0.211655544340185  527.86910857828  6279.53289538736  
0.000212784995783498  0.000209608669861088  0.0242611858619315  0.000757282431063117  0.766519384155781  0.208252538881135  525.591596159442  6238.06324649447  
0.000248206555172114  0.000258930811878758  0.0275323941322354  0.00100798857124049  0.76635303361975  0.20484765286466  523.293437227967  6196.68083800701  
0.000284431447549918  0.000309408733744928  0.030703430742684  0.00129291036042877  0.766169555607081  0.201524694555835  521.033824519338  6156.42563502817  
0.00032205899741347  0.000361128211849542  0.0338263476592886  0.00161623707499253  0.765966908807769  0.198229378245875  518.778443387181  6116.65572954171  
0.000360806461761541  0.000413056183597653  0.0368755102123901  0.00197509239789273  0.765747468935065  0.194988872270831  516.548034730157  6077.71263003011  
0.000400774433188117  0.000464788655661362  0.0398583563484659  0.00236951157493879  0.765511623529726  0.191795719890987  514.339497348539  6039.51554688702  
0.000441975194864957  0.00051588775450633  0.0427750225861072  0.00279861090569015  0.76526022297231  0.188650255781164  512.154817007329  6002.07469414451  
0.000478743074984306  0.000559445152601696  0.0452530710714098  0.00319834133626001  0.765030073373901  0.185959069065605  510.279364583779  5970.19692796907  
0.000522244035841481  0.000608419142753888  0.0480449322621867  0.00368891017337381  0.76475210426173  0.182905634159732  508.145333989408  5934.21103515459  
0.000561325732588657  0.00065004923946732  0.0504335554369227  0.00414364411193879  0.764498206597512  0.180274544613932  506.301938088619  5903.36495401933  
0.000607424430764412  0.000696325458337873  0.0531169767639642  0.00469436591257311  0.764194856148903  0.177297475716004  504.211794892959  5868.65023030762  
0.000656856163823857  0.000742663697777831  0.055846002499085  0.00529916133968602  0.763866202376657  0.174245970086574  502.065334671179  5833.28008147184  
0.000703636053764878  0.000783536468995098  0.0582986881376117  0.0058824467329135  0.763553054850729  0.171482273809527  500.118376778458  5801.43608093175  
0.000754384958804555  0.000824792061739838  0.0608281946361249  0.00652462332898596  0.763212034379236  0.168610355593688  498.09274719002  5768.54012134146  
0.000801341908510863  0.000860288033273112  0.0630564427912025  0.00712545427955148  0.762896073473063  0.166061741422686  496.293473514042  5739.51615475034  
0.000855238993507598  0.000898086043939005  0.0654914905584088  0.00782071363320332  0.762533731813313  0.163255977950913  494.311219404705  5707.74910154842  
0.000909856109005176  0.000933426412312703  0.0678359061947619  0.00852924366447403  0.762167653108767  0.160533770619459  492.386904624171  5677.11507716809  
0.000967310150429555  0.000967657118439358  0.0701790841349657  0.00927676646207513  0.761784482434795  0.157792009849502  490.44799659236  5646.44799578783  
0.00102685152621003  0.00100023079102715  0.0724850494734757  0.0100517927868599  0.761390130283053  0.15507279666536  488.52454519503  5616.21878531292  
0.00108724523527128  0.00103053793144152  0.0747070864283002  0.0108364418868087  0.760993552799333  0.15243238095389  486.656600303881  5587.04244262511  
0.00115085237933082  0.00105977261814031  0.0769303121633114  0.0116595161068839  0.760580111112113  0.149770287999321  484.773286655642  5557.80251261046  
0.00121480451782262  0.00108666708084131  0.0790542465033243  0.0124821045388995  0.76016923641237  0.147207745464335  482.960537474294  5529.82221792199  
0.00128279958081907  0.00111279875544531  0.0811998727426981  0.0133498319020793  0.759738053869514  0.144599442730034  481.115692845012  5501.50862013083  
0.00135085359915754  0.00113667937951893  0.0832404666541  0.014210011762066  0.759312645514582  0.142100196689502  479.34836184997  5474.53515139439  
0.00142359033943608  0.00115996199763839  0.0853127881766995  0.0151190736422485  0.758865017278833  0.139543158904349  477.540639612529  5447.09479916435  
0.0014952713257125  0.00118088915806343  0.0872539122419655  0.0160036087482855  0.758431193478401  0.137130396373054  475.835431690664  5421.34672513205  
0.00157308795091833  0.00120159564669924  0.0892567110415159  0.0169502925990447  0.757968579621182  0.134622821091325  474.063804458254  5394.73328900722  
0.00164974041529879  0.00122017563085941  0.091131657468171  0.0178683621739486  0.75752144927177  0.13225835545502  472.393881647336  5369.77376075615  
0.00173306682841582  0.00123856553763616  0.093068550496983  0.0188495440991724  0.757045048464808  0.129798291401168  470.657083968394  5343.942267762  
0.00181610543373748  0.00125523664276673  0.0949021717515923  0.0198095088475061  0.756580270533383  0.12745281222452  469.001814966492  5319.44233381261  
0.00190544273884478  0.00127154766132081  0.0967759841499713  0.0208221364984098  0.756091269904452  0.125039061785613  467.299013888787  5294.35794964663  
0.00199554350308447  0.00128649714565344  0.0985703868406212  0.021822122579108  0.755609531832582  0.122711461601802  465.657612792091  5270.29038463572  
0.00209143250367357  0.00130095399777379  0.100383448041958  0.0228628545869808  0.755109266394385  0.120343476978669  463.98834630158  5245.92534593537  
0.00218925619840642  0.00131434867271425  0.102138839295206  0.0238997524926352  0.754611852873439  0.118035206665772  462.36175057122  5222.28901223006  
0.00229229176052128  0.00132716287402877  0.103893345544527  0.024965048871339  0.754101763558478  0.115712679151393  460.725648170577  5198.61806663039  
0.00239863818851422  0.00133917128282307  0.105611075907359  0.0260361061776333  0.753589790863353  0.113423855768598  459.113778537211  5175.39739512678  
0.00250948049750108  0.00135053779728586  0.107309130738322  0.0271222207164396  0.753071431420429  0.111146679327291  457.510542566142  5152.39740479087  
0.00262449270136288  0.00136124929428171  0.108979828299643  0.0282172840908084  0.752549549722515  0.108892088592519  455.923570445808  5129.72351742644  
0.00274748190689732  0.0013716412686979  0.110672330241184  0.0293532298339292  0.752008903858384  0.106593894797572  454.306205497406  5106.70847175455  
