P_us3d = [-86.69653196297023, 3836.1856199776958
-79.58127015200368, 5822.103838631621
-72.59895418952306, 8523.28209815576
-66.37708848038189, 11437.80456220603
-61.05393670700556, 14423.450560936108
-56.62949886939408, 17286.724754548748
-52.274192872995265, 20412.31470217662
-47.91888687659645, 23703.431277442156
-44.18064657398489, 26555.058230128503
-39.98792842636405, 30122.954172935548
-37.29156069801985, 32619.06023682758
-32.86837920185553, 36398.493488363514
-27.796583095048646, 40442.63850120423
-22.184862195006374, 44621.3385783346
-10.226079913867807, 51092.70864849753
-4.016254583457439, 52662.29044136927
3.262816898670195, 52762.50084330296
10.099319542732715, 51126.91907553257
18.39372412858063, 47024.329375411515
23.50582706963695, 43729.445822776834
30.329441901605406, 38332.075347583275
26.32871058582137, 41571.92673246586
31.92345173539033, 36904.52165563288
37.42964292247325, 32526.126374756503
42.57153849940363, 28009.76508373968
46.72260374356182, 24651.878481074054
50.59398685147187, 21675.542726888547
55.15668837150872, 18361.11397148454
59.926785415183616, 15113.200513294658
65.19988432226458, 11975.855169985276
71.02603795904696, 8923.598318232165
77.50535205812153, 6202.188479032557
84.39945720447216, 4244.701748753112
89.05721500617645, 3405.913363307154];
% -17.045454545454533, 47972.97297297297];

Q_us3d = [-87.8540592332842, 369621.30867780186
-81.54179028391398, 588480.1621387079
-75.3548121170927, 828691.7322069518
-69.08401749025744, 1207520.9853238165
-64.34375826028563, 1478440.7691409066
-60.552461532214124, 1727058.2052295264
-55.00539655564008, 2201356.469834123
-56.96371623297296, 2035325.7512713838
-50.33950637588198, 2594494.140187349
-45.77769703452847, 3002976.6350154737
-40.93216398306254, 3433083.4951456347
-42.647272919326525, 3263259.464735195
-35.50339392492032, 3936139.251040222
-30.529548731985557, 4377903.176804703
-25.131106998190518, 4822600.613911856
-19.186755426146533, 5253399.327368488
-12.999777259325242, 5601790.396417466
-6.812799092503965, 5840096.017695105
-0.6258209256826746, 5953331.629091765
5.561157241138602, 5883006.35464542
11.748135407959893, 5670327.740157553
17.935113574781184, 5352161.214000163
23.940121795519474, 4938553.243951305
29.399220178008846, 4496380.952380952
34.37306537094361, 4058912.6213592235
39.2255972664897, 3613302.82015719
43.71418926986985, 3195635.821707324
48.627377814110304, 2757368.4407134894
53.9915353551651, 2299929.8076343257
59.91160607983065, 1808795.591418961
64.91105074294151, 1446478.5875645205
70.31322592682639, 1133981.9140614942
74.92733044481213, 832402.7863009777
81.2627464202335, 583602.6470448002
87.39194818623517, 384944.5603171252
];

T_us3d = [-0.01198643904744224, 923.1034697958894
-0.011485733619731361, 911.8946998776992
-0.010931342930921, 911.8946998776973
-0.010316234424437614, 929.8737598038606
-0.01009420094175626, 911.8946998776973
-0.009353439966052413, 908.442242523106
-0.00904158157668225, 1155.9360481777912
-0.009024244316551622, 2688.894808858964
-0.009008933489423273, 2059.5136793506917
-0.00898956979629036, 3338.769134429256
-0.008979212472056478, 4563.468378369749
-0.008968655006291505, 7766.732017779986
-0.008967504192487739, 5612.221533597602
-0.008961499946555053, 6638.573717754662
-0.008890499738401041, 11335.77733916181
-0.008845918212350848, 10821.7295533394
-0.00879670276423809, 9803.138940398054
-0.008664890197480367, 8777.335662775158
-0.008296079391065131, 8048.0059471524355
-0.00790542814006975, 7488.4659447692975
-0.007475148865918643, 7143.672536610549
-0.006802518373175682, 6844.7821605087
-0.00629070327926955, 6744.435537580369
-0.005707145672398679, 6666.448229268089
-0.005139990404019704, 6600.833620202008
-0.004544626532322944, 6547.749267740059
-0.003994457477510928, 6523.661044040535
-0.0033784165469532886, 6501.291748551004
-0.002835968246028834, 6490.3826783632485
-0.002219296869648264, 6483.31268862484
-0.001597085914161786, 6478.791791288756
-0.001009476633305766, 6422.6856260831255
-0.000563661372803833, 6057.175733380271
-0.0002961722165026742, 5308.42990284521
-0.00016044623719430745, 4531.999321894327
-0.0001065238199716937, 3717.016300483834
-0.00007120062671234738, 2216.3099832947064
-0.00007180767363568728, 932.5775874206556
];
P_nompelis = [-87.69645741150893, 3272.5498825698232
-82.46455146353208, 4477.248338205303
-77.27763012744435, 6081.116972856791
-72.09070879135666, 8045.442563048171
-67.36145698492373, 10232.650506474565
-63.19157904806891, 12550.781425346868
-59.3776663009456, 14786.343675053977
-56.068885108774616, 17134.980615757348
-52.31152613854803, 19731.51150534093
-49.65171794235557, 21831.937799945656
-47.274849850074276, 23752.977283947133
-44.528832672145484, 25945.896694902178
-40.134134615460226, 29816.642177350303
-34.86934191133602, 34008.213802197606
-33.15992448093225, 35633.908096403225
-31.303060397788883, 37074.72637387013
-28.91822029133347, 39101.38028461614
-25.959761346151396, 41246.4756470914
-23.765205576100314, 43085.02148074169
-19.930073379545505, 45591.52148501159
-18.286852875494333, 46979.344244966705
-13.446952110165583, 49129.43418522544
-8.164609971831652, 51291.5650421999
-3.3500887020728385, 52215.442308550526
-0.15913833196289318, 52332.298207843945
2.8748068006183445, 52224.79650689376
7.349873093791118, 51544.98476576917
12.326057267098804, 49945.47343480228
15.73852238721193, 48304.85900073281
20.714501388644052, 45648.06973393768
23.674010122196208, 43447.56714787321
26.199271148792818, 41531.72252260093
28.58095398286936, 39686.71490901481
30.705688208335644, 38009.171498340394
32.317002442458985, 36893.21415183914
34.441595974172586, 34930.469360201634
37.18737574701301, 32528.060292144506
39.23055674306961, 30822.489622577174
42.215014095707616, 28311.942378060623
44.68847440500586, 26276.282989479274
46.81437762145795, 24529.12309973598
49.92995016427578, 22098.704807143433
53.229594109399656, 19563.71483328261
56.02285806534569, 17579.429325707686
59.35085007727996, 15163.509576566197
62.96684295020334, 12930.851089043106
66.87481875880071, 10611.264675788269
71.26155833051841, 8307.28737588742
76.39762749664446, 6263.726111381198
81.58454883273218, 4579.625675965624
86.77147016881987, 3253.2825242255567
];

P_su2 = [1.7949154345282388, 51915.24047584294
5.041804063397507, 51533.24636306135
8.101372194447396, 50846.1691829607
11.910222316774806, 49537.59487666034
15.157110945644078, 48086.37425193402
18.216679076693964, 46398.832604570576
21.775768535262202, 44143.266798034354
25.022657164131473, 41845.947063689
28.207105627060947, 39458.162555344716
31.266673758110834, 37026.09767025089
34.20136155728114, 34616.619228336494
37.07360919051165, 32221.43387509281
39.945856823742155, 29796.653420601528
42.88054462291245, 27372.71373603204
45.87767258802255, 24934.228731815303
48.937240719072435, 22518.330170777983
52.12168918200191, 20115.123096384952
55.36857781087118, 17758.897727825613
58.61546643974045, 15572.249185033812
61.86235506860972, 13560.532525665345
65.10924369747897, 11720.177711283024
68.35613232634824, 10049.399722668219
71.60302095521752, 8558.908675132574
74.84990958408679, 7237.994453364481
78.09679821295606, 6061.66678830341
81.34368684182533, 5044.205833698252
84.5905754706946, 4164.191358925709
87.83746409956387, 3394.848075706701
89.71066907775767, 2953.055819101828
];
